%iy  id  it imin   Q*      QH      QE      Qs      Qf    Wind    RH     Td     press   rain    Kdn    snow    ldown   fcld    wuh     xsmd    lai_hr  Kdiff   Kdir    Wd
2024 245 1 0 -999.00 -999.00 -999.00 -999.00 -999.00 3.60000 83.00 13.10 102.18 0.00 0.00 -999.00 316.00 -999.00 -999.00 -999.00 -999.00 0.00 0.00 77.00
2024 245 2 0 -999.00 -999.00 -999.00 -999.00 -999.00 3.70000 86.00 12.60 102.16 0.00 0.00 -999.00 314.00 -999.00 -999.00 -999.00 -999.00 0.00 0.00 78.00
2024 245 3 0 -999.00 -999.00 -999.00 -999.00 -999.00 3.80000 88.00 12.40 102.11 0.00 0.00 -999.00 313.00 -999.00 -999.00 -999.00 -999.00 0.00 0.00 80.00
2024 245 4 0 -999.00 -999.00 -999.00 -999.00 -999.00 3.90000 89.00 12.10 102.08 0.00 0.00 -999.00 312.00 -999.00 -999.00 -999.00 -999.00 0.00 0.00 82.00
2024 245 5 0 -999.00 -999.00 -999.00 -999.00 -999.00 3.60000 89.00 12.00 102.04 0.00 0.00 -999.00 309.00 -999.00 -999.00 -999.00 -999.00 0.00 0.00 85.00
2024 245 6 0 -999.00 -999.00 -999.00 -999.00 -999.00 3.40000 89.00 11.70 102.04 0.00 5.00 -999.00 307.00 -999.00 -999.00 -999.00 -999.00 4.00 20.00 86.00
2024 245 7 0 -999.00 -999.00 -999.00 -999.00 -999.00 3.40000 84.00 13.20 102.05 0.00 85.00 -999.00 306.00 -999.00 -999.00 -999.00 -999.00 37.00 346.00 86.00
2024 245 8 0 -999.00 -999.00 -999.00 -999.00 -999.00 3.70000 76.00 15.40 102.02 0.00 222.00 -999.00 308.00 -999.00 -999.00 -999.00 -999.00 65.00 541.00 87.00
2024 245 9 0 -999.00 -999.00 -999.00 -999.00 -999.00 4.00000 69.00 17.50 102.00 0.00 365.00 -999.00 312.00 -999.00 -999.00 -999.00 -999.00 88.00 645.00 83.00
2024 245 10 0 -999.00 -999.00 -999.00 -999.00 -999.00 4.10000 63.00 19.50 101.96 0.00 489.00 -999.00 319.00 -999.00 -999.00 -999.00 -999.00 112.00 689.00 82.00
2024 245 11 0 -999.00 -999.00 -999.00 -999.00 -999.00 4.40000 56.00 21.00 101.92 0.00 578.00 -999.00 327.00 -999.00 -999.00 -999.00 -999.00 146.00 680.00 81.00
2024 245 12 0 -999.00 -999.00 -999.00 -999.00 -999.00 4.50000 54.00 22.10 101.87 0.00 611.00 -999.00 334.00 -999.00 -999.00 -999.00 -999.00 198.00 601.00 87.00
2024 245 13 0 -999.00 -999.00 -999.00 -999.00 -999.00 4.30000 50.00 22.80 101.81 0.00 613.00 -999.00 342.00 -999.00 -999.00 -999.00 -999.00 214.00 570.00 89.00
2024 245 14 0 -999.00 -999.00 -999.00 -999.00 -999.00 4.20000 49.00 23.40 101.74 0.00 577.00 -999.00 344.00 -999.00 -999.00 -999.00 -999.00 209.00 547.00 91.00
2024 245 15 0 -999.00 -999.00 -999.00 -999.00 -999.00 4.10000 49.00 23.60 101.70 0.00 503.00 -999.00 347.00 -999.00 -999.00 -999.00 -999.00 210.00 482.00 91.00
2024 245 16 0 -999.00 -999.00 -999.00 -999.00 -999.00 4.10000 50.00 23.50 101.64 0.00 401.00 -999.00 346.00 -999.00 -999.00 -999.00 -999.00 172.00 450.00 88.00
2024 245 17 0 -999.00 -999.00 -999.00 -999.00 -999.00 3.90000 52.00 22.90 101.59 0.00 262.00 -999.00 345.00 -999.00 -999.00 -999.00 -999.00 143.00 311.00 80.00
2024 245 18 0 -999.00 -999.00 -999.00 -999.00 -999.00 3.60000 55.00 21.80 101.53 0.00 130.00 -999.00 346.00 -999.00 -999.00 -999.00 -999.00 102.00 118.00 67.00
2024 245 19 0 -999.00 -999.00 -999.00 -999.00 -999.00 3.80000 60.00 20.10 101.53 0.00 36.00 -999.00 343.00 -999.00 -999.00 -999.00 -999.00 30.00 71.00 66.00
2024 245 20 0 -999.00 -999.00 -999.00 -999.00 -999.00 3.90000 67.00 18.30 101.54 0.00 0.00 -999.00 335.00 -999.00 -999.00 -999.00 -999.00 0.00 0.00 73.00
2024 245 21 0 -999.00 -999.00 -999.00 -999.00 -999.00 4.00000 70.00 17.30 101.56 0.00 0.00 -999.00 330.00 -999.00 -999.00 -999.00 -999.00 0.00 0.00 81.00
2024 245 22 0 -999.00 -999.00 -999.00 -999.00 -999.00 4.00000 73.00 16.70 101.56 0.00 0.00 -999.00 327.00 -999.00 -999.00 -999.00 -999.00 0.00 0.00 86.00
2024 245 23 0 -999.00 -999.00 -999.00 -999.00 -999.00 3.90000 75.00 16.00 101.54 0.00 0.00 -999.00 323.00 -999.00 -999.00 -999.00 -999.00 0.00 0.00 90.00
2024 246 0 0 -999.00 -999.00 -999.00 -999.00 -999.00 3.80000 79.00 15.30 101.52 0.00 0.00 -999.00 321.00 -999.00 -999.00 -999.00 -999.00 0.00 0.00 93.00
2024 246 1 0 -999.00 -999.00 -999.00 -999.00 -999.00 3.60000 83.00 14.60 101.52 0.00 0.00 -999.00 318.00 -999.00 -999.00 -999.00 -999.00 0.00 0.00 102.00
2024 246 2 0 -999.00 -999.00 -999.00 -999.00 -999.00 3.50000 86.00 14.00 101.48 0.00 0.00 -999.00 318.00 -999.00 -999.00 -999.00 -999.00 0.00 0.00 101.00
2024 246 3 0 -999.00 -999.00 -999.00 -999.00 -999.00 3.40000 89.00 13.50 101.40 0.00 0.00 -999.00 316.00 -999.00 -999.00 -999.00 -999.00 0.00 0.00 98.00
2024 246 4 0 -999.00 -999.00 -999.00 -999.00 -999.00 3.40000 92.00 13.00 101.36 0.00 0.00 -999.00 315.00 -999.00 -999.00 -999.00 -999.00 0.00 0.00 102.00
2024 246 5 0 -999.00 -999.00 -999.00 -999.00 -999.00 3.20000 94.00 12.60 101.35 0.00 0.00 -999.00 309.00 -999.00 -999.00 -999.00 -999.00 0.00 0.00 101.00
2024 246 6 0 -999.00 -999.00 -999.00 -999.00 -999.00 3.20000 94.00 12.50 101.33 0.00 4.00 -999.00 313.00 -999.00 -999.00 -999.00 -999.00 4.00 0.00 92.00
2024 246 7 0 -999.00 -999.00 -999.00 -999.00 -999.00 3.70000 88.00 14.10 101.33 0.00 78.00 -999.00 311.00 -999.00 -999.00 -999.00 -999.00 42.00 268.00 95.00
2024 246 8 0 -999.00 -999.00 -999.00 -999.00 -999.00 3.80000 79.00 16.30 101.33 0.00 220.00 -999.00 308.00 -999.00 -999.00 -999.00 -999.00 66.00 539.00 106.00
2024 246 9 0 -999.00 -999.00 -999.00 -999.00 -999.00 3.80000 68.00 18.70 101.33 0.00 366.00 -999.00 312.00 -999.00 -999.00 -999.00 -999.00 83.00 666.00 108.00
2024 246 10 0 -999.00 -999.00 -999.00 -999.00 -999.00 3.90000 60.00 20.80 101.30 0.00 497.00 -999.00 319.00 -999.00 -999.00 -999.00 -999.00 95.00 741.00 109.00
2024 246 11 0 -999.00 -999.00 -999.00 -999.00 -999.00 3.90000 52.00 22.50 101.26 0.00 596.00 -999.00 326.00 -999.00 -999.00 -999.00 -999.00 103.00 782.00 114.00
2024 246 12 0 -999.00 -999.00 -999.00 -999.00 -999.00 4.20000 47.00 23.50 101.23 0.00 651.00 -999.00 333.00 -999.00 -999.00 -999.00 -999.00 114.00 786.00 120.00
2024 246 13 0 -999.00 -999.00 -999.00 -999.00 -999.00 3.90000 43.00 24.40 101.20 0.00 653.00 -999.00 340.00 -999.00 -999.00 -999.00 -999.00 138.00 740.00 124.00
2024 246 14 0 -999.00 -999.00 -999.00 -999.00 -999.00 3.20000 41.00 24.90 101.16 0.00 603.00 -999.00 346.00 -999.00 -999.00 -999.00 -999.00 163.00 658.00 121.00
2024 246 15 0 -999.00 -999.00 -999.00 -999.00 -999.00 3.40000 40.00 25.30 101.10 0.00 523.00 -999.00 353.00 -999.00 -999.00 -999.00 -999.00 163.00 597.00 118.00
2024 246 16 0 -999.00 -999.00 -999.00 -999.00 -999.00 3.60000 40.00 25.20 101.07 0.00 398.00 -999.00 356.00 -999.00 -999.00 -999.00 -999.00 157.00 478.00 118.00
2024 246 17 0 -999.00 -999.00 -999.00 -999.00 -999.00 3.30000 41.00 24.70 101.04 0.00 255.00 -999.00 362.00 -999.00 -999.00 -999.00 -999.00 137.00 313.00 111.00
2024 246 18 0 -999.00 -999.00 -999.00 -999.00 -999.00 2.60000 46.00 23.50 101.03 0.00 131.00 -999.00 363.00 -999.00 -999.00 -999.00 -999.00 85.00 198.00 99.00
2024 246 19 0 -999.00 -999.00 -999.00 -999.00 -999.00 3.00000 53.00 21.70 101.06 0.00 33.00 -999.00 358.00 -999.00 -999.00 -999.00 -999.00 30.00 38.00 98.00
2024 246 20 0 -999.00 -999.00 -999.00 -999.00 -999.00 3.40000 59.00 19.90 101.07 0.00 0.00 -999.00 355.00 -999.00 -999.00 -999.00 -999.00 0.00 0.00 107.00
2024 246 21 0 -999.00 -999.00 -999.00 -999.00 -999.00 3.30000 62.00 19.40 101.10 0.00 0.00 -999.00 355.00 -999.00 -999.00 -999.00 -999.00 0.00 0.00 112.00
2024 246 22 0 -999.00 -999.00 -999.00 -999.00 -999.00 3.40000 64.00 18.60 101.11 0.00 0.00 -999.00 350.00 -999.00 -999.00 -999.00 -999.00 0.00 0.00 113.00
2024 246 23 0 -999.00 -999.00 -999.00 -999.00 -999.00 3.30000 67.00 17.70 101.14 0.00 0.00 -999.00 344.00 -999.00 -999.00 -999.00 -999.00 0.00 0.00 125.00
2024 247 0 0 -999.00 -999.00 -999.00 -999.00 -999.00 3.10000 68.00 17.40 101.11 0.00 0.00 -999.00 347.00 -999.00 -999.00 -999.00 -999.00 0.00 0.00 123.00
2024 247 1 0 -999.00 -999.00 -999.00 -999.00 -999.00 2.80000 71.00 17.00 101.08 0.00 0.00 -999.00 357.00 -999.00 -999.00 -999.00 -999.00 0.00 0.00 119.00
2024 247 2 0 -999.00 -999.00 -999.00 -999.00 -999.00 2.80000 73.00 16.50 101.07 0.00 0.00 -999.00 351.00 -999.00 -999.00 -999.00 -999.00 0.00 0.00 122.00
2024 247 3 0 -999.00 -999.00 -999.00 -999.00 -999.00 2.90000 76.00 16.10 101.05 0.00 0.00 -999.00 351.00 -999.00 -999.00 -999.00 -999.00 0.00 0.00 117.00
2024 247 4 0 -999.00 -999.00 -999.00 -999.00 -999.00 3.00000 77.00 16.00 101.07 0.00 0.00 -999.00 352.00 -999.00 -999.00 -999.00 -999.00 0.00 0.00 117.00
2024 247 5 0 -999.00 -999.00 -999.00 -999.00 -999.00 2.60000 80.00 15.80 101.07 0.00 0.00 -999.00 346.00 -999.00 -999.00 -999.00 -999.00 0.00 0.00 122.00
2024 247 6 0 -999.00 -999.00 -999.00 -999.00 -999.00 2.20000 83.00 15.60 101.09 0.00 4.00 -999.00 347.00 -999.00 -999.00 -999.00 -999.00 3.00 20.00 126.00
2024 247 7 0 -999.00 -999.00 -999.00 -999.00 -999.00 2.70000 79.00 17.20 101.12 0.00 75.00 -999.00 348.00 -999.00 -999.00 -999.00 -999.00 34.00 315.00 128.00
2024 247 8 0 -999.00 -999.00 -999.00 -999.00 -999.00 2.60000 72.00 19.40 101.13 0.00 202.00 -999.00 350.00 -999.00 -999.00 -999.00 -999.00 64.00 490.00 124.00
2024 247 9 0 -999.00 -999.00 -999.00 -999.00 -999.00 2.70000 67.00 21.50 101.13 0.00 324.00 -999.00 360.00 -999.00 -999.00 -999.00 -999.00 90.00 556.00 128.00
2024 247 10 0 -999.00 -999.00 -999.00 -999.00 -999.00 2.40000 63.00 23.40 101.14 0.00 442.00 -999.00 370.00 -999.00 -999.00 -999.00 -999.00 108.00 620.00 150.00
2024 247 11 0 -999.00 -999.00 -999.00 -999.00 -999.00 2.70000 60.00 25.50 101.11 0.00 540.00 -999.00 372.00 -999.00 -999.00 -999.00 -999.00 120.00 671.00 141.00
2024 247 12 0 -999.00 -999.00 -999.00 -999.00 -999.00 2.50000 56.00 26.90 101.13 0.00 601.00 -999.00 382.00 -999.00 -999.00 -999.00 -999.00 139.00 681.00 167.00
2024 247 13 0 -999.00 -999.00 -999.00 -999.00 -999.00 2.20000 55.00 27.70 101.12 0.00 601.00 -999.00 389.00 -999.00 -999.00 -999.00 -999.00 178.00 612.00 185.00
2024 247 14 0 -999.00 -999.00 -999.00 -999.00 -999.00 1.90000 52.00 28.50 101.11 0.00 596.00 -999.00 391.00 -999.00 -999.00 -999.00 -999.00 125.00 710.00 194.00
2024 247 15 0 -999.00 -999.00 -999.00 -999.00 -999.00 1.80000 52.00 28.60 101.07 0.00 519.00 -999.00 394.00 -999.00 -999.00 -999.00 -999.00 116.00 674.00 197.00
2024 247 16 0 -999.00 -999.00 -999.00 -999.00 -999.00 1.80000 53.00 28.50 101.08 0.00 403.00 -999.00 399.00 -999.00 -999.00 -999.00 -999.00 105.00 598.00 206.00
2024 247 17 0 -999.00 -999.00 -999.00 -999.00 -999.00 1.70000 56.00 27.60 101.09 0.20 255.00 -999.00 401.00 -999.00 -999.00 -999.00 -999.00 90.00 444.00 238.00
2024 247 18 0 -999.00 -999.00 -999.00 -999.00 -999.00 1.30000 73.00 25.50 101.10 0.20 95.00 -999.00 399.00 -999.00 -999.00 -999.00 -999.00 45.00 220.00 265.00
2024 247 19 0 -999.00 -999.00 -999.00 -999.00 -999.00 0.80000 78.00 23.20 101.15 0.00 21.00 -999.00 404.00 -999.00 -999.00 -999.00 -999.00 11.00 137.00 272.00
2024 247 20 0 -999.00 -999.00 -999.00 -999.00 -999.00 0.10000 85.00 21.30 101.19 0.00 0.00 -999.00 388.00 -999.00 -999.00 -999.00 -999.00 0.00 0.00 219.00
2024 247 21 0 -999.00 -999.00 -999.00 -999.00 -999.00 0.50000 90.00 20.30 101.19 0.00 0.00 -999.00 382.00 -999.00 -999.00 -999.00 -999.00 0.00 0.00 235.00
2024 247 22 0 -999.00 -999.00 -999.00 -999.00 -999.00 0.90000 88.00 20.20 101.22 0.00 0.00 -999.00 379.00 -999.00 -999.00 -999.00 -999.00 0.00 0.00 250.00
2024 247 23 0 -999.00 -999.00 -999.00 -999.00 -999.00 1.20000 85.00 20.80 101.21 0.00 0.00 -999.00 372.00 -999.00 -999.00 -999.00 -999.00 0.00 0.00 331.00
2024 248 0 0 -999.00 -999.00 -999.00 -999.00 -999.00 1.90000 88.00 20.20 101.19 0.00 0.00 -999.00 378.00 -999.00 -999.00 -999.00 -999.00 0.00 0.00 37.00
2024 248 1 0 -999.00 -999.00 -999.00 -999.00 -999.00 1.90000 93.00 18.90 101.19 0.00 0.00 -999.00 372.00 -999.00 -999.00 -999.00 -999.00 0.00 0.00 99.00
2024 248 2 0 -999.00 -999.00 -999.00 -999.00 -999.00 1.90000 96.00 18.20 101.19 0.00 0.00 -999.00 373.00 -999.00 -999.00 -999.00 -999.00 0.00 0.00 102.00
2024 248 3 0 -999.00 -999.00 -999.00 -999.00 -999.00 1.90000 95.00 18.20 101.19 0.00 0.00 -999.00 371.00 -999.00 -999.00 -999.00 -999.00 0.00 0.00 95.00
2024 248 4 0 -999.00 -999.00 -999.00 -999.00 -999.00 1.90000 96.00 18.10 101.19 0.00 0.00 -999.00 371.00 -999.00 -999.00 -999.00 -999.00 0.00 0.00 93.00
2024 248 5 0 -999.00 -999.00 -999.00 -999.00 -999.00 1.90000 95.00 18.40 101.17 0.00 0.00 -999.00 369.00 -999.00 -999.00 -999.00 -999.00 0.00 0.00 96.00
2024 248 6 0 -999.00 -999.00 -999.00 -999.00 -999.00 1.90000 96.00 18.40 101.17 0.00 2.00 -999.00 379.00 -999.00 -999.00 -999.00 -999.00 2.00 0.00 82.00
2024 248 7 0 -999.00 -999.00 -999.00 -999.00 -999.00 0.40000 94.00 19.30 101.20 0.40 49.00 -999.00 381.00 -999.00 -999.00 -999.00 -999.00 30.00 151.00 18.00
2024 248 8 0 -999.00 -999.00 -999.00 -999.00 -999.00 0.80000 92.00 20.50 101.24 1.70 156.00 -999.00 375.00 -999.00 -999.00 -999.00 -999.00 60.00 346.00 285.00
2024 248 9 0 -999.00 -999.00 -999.00 -999.00 -999.00 0.80000 88.00 21.80 101.24 1.00 263.00 -999.00 378.00 -999.00 -999.00 -999.00 -999.00 122.00 338.00 325.00
2024 248 10 0 -999.00 -999.00 -999.00 -999.00 -999.00 1.40000 82.00 23.10 101.24 0.10 275.00 -999.00 388.00 -999.00 -999.00 -999.00 -999.00 134.00 264.00 6.00
2024 248 11 0 -999.00 -999.00 -999.00 -999.00 -999.00 1.90000 75.00 24.70 101.22 0.30 434.00 -999.00 392.00 -999.00 -999.00 -999.00 -999.00 186.00 399.00 356.00
2024 248 12 0 -999.00 -999.00 -999.00 -999.00 -999.00 2.60000 73.00 25.50 101.21 0.90 507.00 -999.00 391.00 -999.00 -999.00 -999.00 -999.00 154.00 524.00 28.00
2024 248 13 0 -999.00 -999.00 -999.00 -999.00 -999.00 3.10000 70.00 26.00 101.17 0.20 490.00 -999.00 399.00 -999.00 -999.00 -999.00 -999.00 168.00 469.00 44.00
2024 248 14 0 -999.00 -999.00 -999.00 -999.00 -999.00 3.20000 65.00 26.90 101.13 0.00 508.00 -999.00 396.00 -999.00 -999.00 -999.00 -999.00 123.00 585.00 52.00
2024 248 15 0 -999.00 -999.00 -999.00 -999.00 -999.00 3.60000 62.00 27.80 101.08 0.10 481.00 -999.00 397.00 -999.00 -999.00 -999.00 -999.00 149.00 560.00 58.00
2024 248 16 0 -999.00 -999.00 -999.00 -999.00 -999.00 2.30000 64.00 27.50 101.08 0.20 333.00 -999.00 405.00 -999.00 -999.00 -999.00 -999.00 158.00 355.00 63.00
2024 248 17 0 -999.00 -999.00 -999.00 -999.00 -999.00 1.10000 70.00 26.20 101.10 0.50 179.00 -999.00 411.00 -999.00 -999.00 -999.00 -999.00 110.00 188.00 301.00
2024 248 18 0 -999.00 -999.00 -999.00 -999.00 -999.00 2.10000 79.00 24.20 101.04 0.30 53.00 -999.00 402.00 -999.00 -999.00 -999.00 -999.00 48.00 23.00 320.00
2024 248 19 0 -999.00 -999.00 -999.00 -999.00 -999.00 2.40000 87.00 22.50 101.06 0.10 11.00 -999.00 403.00 -999.00 -999.00 -999.00 -999.00 10.00 15.00 304.00
2024 248 20 0 -999.00 -999.00 -999.00 -999.00 -999.00 3.40000 89.00 21.50 101.15 0.80 0.00 -999.00 392.00 -999.00 -999.00 -999.00 -999.00 0.00 0.00 282.00
2024 248 21 0 -999.00 -999.00 -999.00 -999.00 -999.00 3.60000 92.00 20.70 101.17 0.20 0.00 -999.00 389.00 -999.00 -999.00 -999.00 -999.00 0.00 0.00 286.00
2024 248 22 0 -999.00 -999.00 -999.00 -999.00 -999.00 2.90000 92.00 20.00 101.17 0.00 0.00 -999.00 382.00 -999.00 -999.00 -999.00 -999.00 0.00 0.00 311.00
2024 248 23 0 -999.00 -999.00 -999.00 -999.00 -999.00 3.60000 100.00 18.70 101.21 0.00 0.00 -999.00 369.00 -999.00 -999.00 -999.00 -999.00 0.00 0.00 348.00
2024 249 0 0 -999.00 -999.00 -999.00 -999.00 -999.00 3.20000 99.00 18.50 101.25 0.00 0.00 -999.00 370.00 -999.00 -999.00 -999.00 -999.00 0.00 0.00 18.00
2024 249 1 0 -999.00 -999.00 -999.00 -999.00 -999.00 3.00000 96.00 18.10 101.20 0.00 0.00 -999.00 358.00 -999.00 -999.00 -999.00 -999.00 0.00 0.00 38.00
2024 249 2 0 -999.00 -999.00 -999.00 -999.00 -999.00 3.20000 86.00 18.80 101.17 0.00 0.00 -999.00 355.00 -999.00 -999.00 -999.00 -999.00 0.00 0.00 51.00
2024 249 3 0 -999.00 -999.00 -999.00 -999.00 -999.00 3.40000 81.00 18.60 101.17 0.00 0.00 -999.00 352.00 -999.00 -999.00 -999.00 -999.00 0.00 0.00 64.00
2024 249 4 0 -999.00 -999.00 -999.00 -999.00 -999.00 3.70000 79.00 18.10 101.17 0.00 0.00 -999.00 352.00 -999.00 -999.00 -999.00 -999.00 0.00 0.00 70.00
2024 249 5 0 -999.00 -999.00 -999.00 -999.00 -999.00 3.90000 79.00 17.90 101.15 0.00 0.00 -999.00 344.00 -999.00 -999.00 -999.00 -999.00 0.00 0.00 75.00
2024 249 6 0 -999.00 -999.00 -999.00 -999.00 -999.00 4.10000 80.00 17.90 101.15 0.00 3.00 -999.00 342.00 -999.00 -999.00 -999.00 -999.00 3.00 0.00 78.00
2024 249 7 0 -999.00 -999.00 -999.00 -999.00 -999.00 4.40000 78.00 19.00 101.19 0.00 69.00 -999.00 341.00 -999.00 -999.00 -999.00 -999.00 36.00 272.00 77.00
2024 249 8 0 -999.00 -999.00 -999.00 -999.00 -999.00 4.50000 71.00 20.90 101.19 0.00 202.00 -999.00 345.00 -999.00 -999.00 -999.00 -999.00 62.00 513.00 78.00
2024 249 9 0 -999.00 -999.00 -999.00 -999.00 -999.00 5.10000 64.00 22.80 101.20 0.00 342.00 -999.00 353.00 -999.00 -999.00 -999.00 -999.00 82.00 630.00 84.00
2024 249 10 0 -999.00 -999.00 -999.00 -999.00 -999.00 5.40000 57.00 24.80 101.22 0.00 471.00 -999.00 358.00 -999.00 -999.00 -999.00 -999.00 93.00 713.00 89.00
2024 249 11 0 -999.00 -999.00 -999.00 -999.00 -999.00 5.40000 50.00 27.00 101.21 0.00 572.00 -999.00 362.00 -999.00 -999.00 -999.00 -999.00 101.00 763.00 88.00
2024 249 12 0 -999.00 -999.00 -999.00 -999.00 -999.00 5.90000 43.00 28.70 101.18 0.00 634.00 -999.00 364.00 -999.00 -999.00 -999.00 -999.00 105.00 790.00 87.00
2024 249 13 0 -999.00 -999.00 -999.00 -999.00 -999.00 6.50000 38.00 29.80 101.15 0.00 652.00 -999.00 365.00 -999.00 -999.00 -999.00 -999.00 106.00 801.00 85.00
2024 249 14 0 -999.00 -999.00 -999.00 -999.00 -999.00 7.10000 35.00 30.40 101.11 0.00 621.00 -999.00 367.00 -999.00 -999.00 -999.00 -999.00 104.00 791.00 82.00
2024 249 15 0 -999.00 -999.00 -999.00 -999.00 -999.00 7.40000 35.00 30.40 101.09 0.00 545.00 -999.00 367.00 -999.00 -999.00 -999.00 -999.00 97.00 763.00 80.00
2024 249 16 0 -999.00 -999.00 -999.00 -999.00 -999.00 7.00000 36.00 30.00 101.10 0.00 433.00 -999.00 365.00 -999.00 -999.00 -999.00 -999.00 88.00 708.00 76.00
2024 249 17 0 -999.00 -999.00 -999.00 -999.00 -999.00 6.60000 38.00 29.10 101.12 0.00 296.00 -999.00 362.00 -999.00 -999.00 -999.00 -999.00 74.00 616.00 73.00
2024 249 18 0 -999.00 -999.00 -999.00 -999.00 -999.00 6.40000 41.00 27.50 101.12 0.00 151.00 -999.00 359.00 -999.00 -999.00 -999.00 -999.00 53.00 456.00 71.00
2024 249 19 0 -999.00 -999.00 -999.00 -999.00 -999.00 6.30000 46.00 25.60 101.19 0.00 32.00 -999.00 355.00 -999.00 -999.00 -999.00 -999.00 16.00 261.00 73.00
2024 249 20 0 -999.00 -999.00 -999.00 -999.00 -999.00 6.10000 51.00 23.90 101.23 0.00 0.00 -999.00 346.00 -999.00 -999.00 -999.00 -999.00 0.00 0.00 76.00
2024 249 21 0 -999.00 -999.00 -999.00 -999.00 -999.00 5.70000 55.00 22.80 101.27 0.00 0.00 -999.00 341.00 -999.00 -999.00 -999.00 -999.00 0.00 0.00 76.00
2024 249 22 0 -999.00 -999.00 -999.00 -999.00 -999.00 5.60000 56.00 22.10 101.25 0.00 0.00 -999.00 339.00 -999.00 -999.00 -999.00 -999.00 0.00 0.00 76.00
2024 249 23 0 -999.00 -999.00 -999.00 -999.00 -999.00 5.40000 56.00 21.40 101.27 0.00 0.00 -999.00 338.00 -999.00 -999.00 -999.00 -999.00 0.00 0.00 84.00
2024 250 0 0 -999.00 -999.00 -999.00 -999.00 -999.00 5.30000 57.00 20.90 101.27 0.00 0.00 -999.00 339.00 -999.00 -999.00 -999.00 -999.00 0.00 0.00 83.00
2024 250 1 0 -999.00 -999.00 -999.00 -999.00 -999.00 5.30000 60.00 20.60 101.27 0.00 0.00 -999.00 339.00 -999.00 -999.00 -999.00 -999.00 0.00 0.00 82.00
2024 250 2 0 -999.00 -999.00 -999.00 -999.00 -999.00 5.10000 61.00 20.20 101.24 0.00 0.00 -999.00 338.00 -999.00 -999.00 -999.00 -999.00 0.00 0.00 81.00
2024 250 3 0 -999.00 -999.00 -999.00 -999.00 -999.00 5.10000 62.00 19.80 101.22 0.00 0.00 -999.00 338.00 -999.00 -999.00 -999.00 -999.00 0.00 0.00 82.00
2024 250 4 0 -999.00 -999.00 -999.00 -999.00 -999.00 5.00000 63.00 19.50 101.22 0.00 0.00 -999.00 341.00 -999.00 -999.00 -999.00 -999.00 0.00 0.00 82.00
2024 250 5 0 -999.00 -999.00 -999.00 -999.00 -999.00 4.80000 64.00 19.10 101.23 0.00 0.00 -999.00 344.00 -999.00 -999.00 -999.00 -999.00 0.00 0.00 82.00
2024 250 6 0 -999.00 -999.00 -999.00 -999.00 -999.00 4.80000 64.00 19.00 101.23 0.00 2.00 -999.00 341.00 -999.00 -999.00 -999.00 -999.00 2.00 0.00 83.00
2024 250 7 0 -999.00 -999.00 -999.00 -999.00 -999.00 5.00000 64.00 19.40 101.26 0.00 64.00 -999.00 337.00 -999.00 -999.00 -999.00 -999.00 38.00 222.00 84.00
2024 250 8 0 -999.00 -999.00 -999.00 -999.00 -999.00 4.60000 61.00 20.70 101.25 0.00 199.00 -999.00 335.00 -999.00 -999.00 -999.00 -999.00 64.00 502.00 82.00
2024 250 9 0 -999.00 -999.00 -999.00 -999.00 -999.00 5.60000 55.00 22.30 101.26 0.00 343.00 -999.00 337.00 -999.00 -999.00 -999.00 -999.00 82.00 639.00 87.00
2024 250 10 0 -999.00 -999.00 -999.00 -999.00 -999.00 6.20000 49.00 23.90 101.24 0.00 473.00 -999.00 340.00 -999.00 -999.00 -999.00 -999.00 94.00 721.00 92.00
2024 250 11 0 -999.00 -999.00 -999.00 -999.00 -999.00 5.70000 44.00 25.50 101.20 0.00 573.00 -999.00 343.00 -999.00 -999.00 -999.00 -999.00 100.00 772.00 90.00
2024 250 12 0 -999.00 -999.00 -999.00 -999.00 -999.00 6.20000 38.00 26.90 101.17 0.00 633.00 -999.00 348.00 -999.00 -999.00 -999.00 -999.00 105.00 794.00 93.00
2024 250 13 0 -999.00 -999.00 -999.00 -999.00 -999.00 6.40000 35.00 27.80 101.15 0.00 647.00 -999.00 352.00 -999.00 -999.00 -999.00 -999.00 106.00 799.00 96.00
2024 250 14 0 -999.00 -999.00 -999.00 -999.00 -999.00 6.00000 34.00 28.30 101.09 0.00 614.00 -999.00 356.00 -999.00 -999.00 -999.00 -999.00 104.00 786.00 96.00
2024 250 15 0 -999.00 -999.00 -999.00 -999.00 -999.00 5.70000 33.00 28.40 101.08 0.00 538.00 -999.00 358.00 -999.00 -999.00 -999.00 -999.00 97.00 758.00 94.00
2024 250 16 0 -999.00 -999.00 -999.00 -999.00 -999.00 5.20000 34.00 28.10 101.07 0.00 424.00 -999.00 359.00 -999.00 -999.00 -999.00 -999.00 88.00 697.00 94.00
2024 250 17 0 -999.00 -999.00 -999.00 -999.00 -999.00 4.10000 38.00 27.10 101.07 0.00 285.00 -999.00 360.00 -999.00 -999.00 -999.00 -999.00 77.00 587.00 89.00
2024 250 18 0 -999.00 -999.00 -999.00 -999.00 -999.00 3.50000 43.00 25.60 101.08 0.00 143.00 -999.00 359.00 -999.00 -999.00 -999.00 -999.00 52.00 435.00 82.00
2024 250 19 0 -999.00 -999.00 -999.00 -999.00 -999.00 3.40000 49.00 23.80 101.11 0.00 29.00 -999.00 356.00 -999.00 -999.00 -999.00 -999.00 16.00 236.00 76.00
2024 250 20 0 -999.00 -999.00 -999.00 -999.00 -999.00 3.50000 55.00 22.40 101.16 0.00 0.00 -999.00 364.00 -999.00 -999.00 -999.00 -999.00 0.00 0.00 76.00
2024 250 21 0 -999.00 -999.00 -999.00 -999.00 -999.00 3.60000 59.00 21.50 101.15 0.00 0.00 -999.00 364.00 -999.00 -999.00 -999.00 -999.00 0.00 0.00 77.00
2024 250 22 0 -999.00 -999.00 -999.00 -999.00 -999.00 3.70000 62.00 20.70 101.13 0.00 0.00 -999.00 358.00 -999.00 -999.00 -999.00 -999.00 0.00 0.00 79.00
2024 250 23 0 -999.00 -999.00 -999.00 -999.00 -999.00 3.70000 67.00 20.00 101.15 0.00 0.00 -999.00 361.00 -999.00 -999.00 -999.00 -999.00 0.00 0.00 89.00
2024 251 0 0 -999.00 -999.00 -999.00 -999.00 -999.00 3.40000 71.00 18.90 101.14 0.00 0.00 -999.00 352.00 -999.00 -999.00 -999.00 -999.00 0.00 0.00 87.00
2024 251 1 0 -999.00 -999.00 -999.00 -999.00 -999.00 3.00000 75.00 18.10 101.11 0.00 0.00 -999.00 352.00 -999.00 -999.00 -999.00 -999.00 0.00 0.00 86.00
2024 251 2 0 -999.00 -999.00 -999.00 -999.00 -999.00 2.90000 78.00 17.30 101.09 0.00 0.00 -999.00 344.00 -999.00 -999.00 -999.00 -999.00 0.00 0.00 90.00
2024 251 3 0 -999.00 -999.00 -999.00 -999.00 -999.00 2.70000 82.00 16.40 101.07 0.00 0.00 -999.00 337.00 -999.00 -999.00 -999.00 -999.00 0.00 0.00 97.00
2024 251 4 0 -999.00 -999.00 -999.00 -999.00 -999.00 2.50000 86.00 15.70 101.08 0.00 0.00 -999.00 331.00 -999.00 -999.00 -999.00 -999.00 0.00 0.00 96.00
2024 251 5 0 -999.00 -999.00 -999.00 -999.00 -999.00 2.40000 86.00 15.40 101.06 0.00 0.00 -999.00 330.00 -999.00 -999.00 -999.00 -999.00 0.00 0.00 93.00
2024 251 6 0 -999.00 -999.00 -999.00 -999.00 -999.00 2.30000 86.00 15.40 101.07 0.00 2.00 -999.00 330.00 -999.00 -999.00 -999.00 -999.00 2.00 0.00 102.00
2024 251 7 0 -999.00 -999.00 -999.00 -999.00 -999.00 2.70000 82.00 16.80 101.09 0.00 65.00 -999.00 329.00 -999.00 -999.00 -999.00 -999.00 30.00 311.00 104.00
2024 251 8 0 -999.00 -999.00 -999.00 -999.00 -999.00 2.60000 72.00 19.40 101.08 0.00 192.00 -999.00 337.00 -999.00 -999.00 -999.00 -999.00 64.00 484.00 108.00
2024 251 9 0 -999.00 -999.00 -999.00 -999.00 -999.00 2.40000 64.00 21.50 101.10 0.00 331.00 -999.00 343.00 -999.00 -999.00 -999.00 -999.00 84.00 612.00 120.00
2024 251 10 0 -999.00 -999.00 -999.00 -999.00 -999.00 2.10000 59.00 23.30 101.10 0.00 437.00 -999.00 355.00 -999.00 -999.00 -999.00 -999.00 126.00 597.00 134.00
2024 251 11 0 -999.00 -999.00 -999.00 -999.00 -999.00 2.30000 54.00 24.70 101.07 0.00 480.00 -999.00 365.00 -999.00 -999.00 -999.00 -999.00 171.00 508.00 122.00
2024 251 12 0 -999.00 -999.00 -999.00 -999.00 -999.00 2.40000 51.00 26.00 101.05 0.00 470.00 -999.00 383.00 -999.00 -999.00 -999.00 -999.00 258.00 321.00 127.00
2024 251 13 0 -999.00 -999.00 -999.00 -999.00 -999.00 2.50000 48.00 26.80 101.02 0.00 429.00 -999.00 396.00 -999.00 -999.00 -999.00 -999.00 319.00 164.00 131.00
2024 251 14 0 -999.00 -999.00 -999.00 -999.00 -999.00 2.70000 46.00 27.80 100.99 0.00 457.00 -999.00 387.00 -999.00 -999.00 -999.00 -999.00 247.00 326.00 129.00
2024 251 15 0 -999.00 -999.00 -999.00 -999.00 -999.00 2.70000 45.00 28.00 100.96 0.00 312.00 -999.00 391.00 -999.00 -999.00 -999.00 -999.00 211.00 175.00 129.00
2024 251 16 0 -999.00 -999.00 -999.00 -999.00 -999.00 2.60000 44.00 28.40 100.92 0.00 333.00 -999.00 381.00 -999.00 -999.00 -999.00 -999.00 149.00 386.00 124.00
2024 251 17 0 -999.00 -999.00 -999.00 -999.00 -999.00 1.60000 46.00 28.00 100.91 0.00 271.00 -999.00 372.00 -999.00 -999.00 -999.00 -999.00 84.00 536.00 114.00
2024 251 18 0 -999.00 -999.00 -999.00 -999.00 -999.00 2.00000 55.00 25.90 100.91 0.00 134.00 -999.00 373.00 -999.00 -999.00 -999.00 -999.00 56.00 384.00 83.00
2024 251 19 0 -999.00 -999.00 -999.00 -999.00 -999.00 2.10000 65.00 22.70 100.91 0.00 25.00 -999.00 368.00 -999.00 -999.00 -999.00 -999.00 15.00 200.00 79.00
2024 251 20 0 -999.00 -999.00 -999.00 -999.00 -999.00 2.40000 71.00 21.10 100.93 0.00 0.00 -999.00 367.00 -999.00 -999.00 -999.00 -999.00 0.00 0.00 83.00
2024 251 21 0 -999.00 -999.00 -999.00 -999.00 -999.00 2.90000 75.00 20.20 100.91 0.00 0.00 -999.00 367.00 -999.00 -999.00 -999.00 -999.00 0.00 0.00 91.00
2024 251 22 0 -999.00 -999.00 -999.00 -999.00 -999.00 3.10000 76.00 19.80 100.88 0.00 0.00 -999.00 372.00 -999.00 -999.00 -999.00 -999.00 0.00 0.00 98.00
2024 251 23 0 -999.00 -999.00 -999.00 -999.00 -999.00 3.30000 75.00 19.60 100.85 0.00 0.00 -999.00 358.00 -999.00 -999.00 -999.00 -999.00 0.00 0.00 105.00
2024 252 0 0 -999.00 -999.00 -999.00 -999.00 -999.00 3.20000 77.00 19.00 100.83 0.00 0.00 -999.00 360.00 -999.00 -999.00 -999.00 -999.00 0.00 0.00 114.00
2024 252 1 0 -999.00 -999.00 -999.00 -999.00 -999.00 3.00000 80.00 18.30 100.76 0.00 0.00 -999.00 352.00 -999.00 -999.00 -999.00 -999.00 0.00 0.00 114.00
2024 252 2 0 -999.00 -999.00 -999.00 -999.00 -999.00 3.00000 81.00 18.00 100.75 0.00 0.00 -999.00 357.00 -999.00 -999.00 -999.00 -999.00 0.00 0.00 114.00
2024 252 3 0 -999.00 -999.00 -999.00 -999.00 -999.00 2.90000 83.00 17.60 100.72 0.00 0.00 -999.00 350.00 -999.00 -999.00 -999.00 -999.00 0.00 0.00 116.00
2024 252 4 0 -999.00 -999.00 -999.00 -999.00 -999.00 2.60000 85.00 16.90 100.68 0.00 0.00 -999.00 350.00 -999.00 -999.00 -999.00 -999.00 0.00 0.00 117.00
2024 252 5 0 -999.00 -999.00 -999.00 -999.00 -999.00 2.60000 86.00 16.60 100.67 0.00 0.00 -999.00 349.00 -999.00 -999.00 -999.00 -999.00 0.00 0.00 116.00
2024 252 6 0 -999.00 -999.00 -999.00 -999.00 -999.00 2.70000 87.00 16.30 100.64 0.00 1.00 -999.00 350.00 -999.00 -999.00 -999.00 -999.00 1.00 0.00 115.00
2024 252 7 0 -999.00 -999.00 -999.00 -999.00 -999.00 3.00000 82.00 18.00 100.64 0.00 55.00 -999.00 350.00 -999.00 -999.00 -999.00 -999.00 39.00 148.00 120.00
2024 252 8 0 -999.00 -999.00 -999.00 -999.00 -999.00 2.90000 72.00 20.80 100.60 0.00 183.00 -999.00 352.00 -999.00 -999.00 -999.00 -999.00 67.00 446.00 125.00
2024 252 9 0 -999.00 -999.00 -999.00 -999.00 -999.00 2.80000 64.00 23.00 100.58 0.00 312.00 -999.00 359.00 -999.00 -999.00 -999.00 -999.00 89.00 558.00 134.00
2024 252 10 0 -999.00 -999.00 -999.00 -999.00 -999.00 2.60000 57.00 25.30 100.56 0.00 440.00 -999.00 363.00 -999.00 -999.00 -999.00 -999.00 120.00 619.00 146.00
2024 252 11 0 -999.00 -999.00 -999.00 -999.00 -999.00 2.60000 55.00 26.50 100.54 0.00 482.00 -999.00 375.00 -999.00 -999.00 -999.00 -999.00 177.00 505.00 188.00
2024 252 12 0 -999.00 -999.00 -999.00 -999.00 -999.00 2.10000 52.00 27.20 100.48 0.00 518.00 -999.00 384.00 -999.00 -999.00 -999.00 -999.00 218.00 458.00 205.00
2024 252 13 0 -999.00 -999.00 -999.00 -999.00 -999.00 2.70000 53.00 27.20 100.47 0.00 497.00 -999.00 389.00 -999.00 -999.00 -999.00 -999.00 250.00 370.00 219.00
2024 252 14 0 -999.00 -999.00 -999.00 -999.00 -999.00 3.00000 55.00 27.20 100.46 0.00 400.00 -999.00 393.00 -999.00 -999.00 -999.00 -999.00 240.00 251.00 223.00
2024 252 15 0 -999.00 -999.00 -999.00 -999.00 -999.00 2.80000 56.00 26.90 100.42 0.00 392.00 -999.00 392.00 -999.00 -999.00 -999.00 -999.00 224.00 294.00 240.00
2024 252 16 0 -999.00 -999.00 -999.00 -999.00 -999.00 2.70000 61.00 26.10 100.44 0.00 365.00 -999.00 386.00 -999.00 -999.00 -999.00 -999.00 117.00 527.00 245.00
2024 252 17 0 -999.00 -999.00 -999.00 -999.00 -999.00 2.80000 65.00 24.70 100.43 0.00 184.00 -999.00 397.00 -999.00 -999.00 -999.00 -999.00 115.00 201.00 259.00
2024 252 18 0 -999.00 -999.00 -999.00 -999.00 -999.00 2.90000 72.00 23.00 100.43 0.20 48.00 -999.00 398.00 -999.00 -999.00 -999.00 -999.00 35.00 66.00 259.00
2024 252 19 0 -999.00 -999.00 -999.00 -999.00 -999.00 2.30000 79.00 21.60 100.45 0.20 13.00 -999.00 392.00 -999.00 -999.00 -999.00 -999.00 12.00 20.00 272.00
2024 252 20 0 -999.00 -999.00 -999.00 -999.00 -999.00 1.90000 86.00 20.30 100.42 1.20 0.00 -999.00 390.00 -999.00 -999.00 -999.00 -999.00 0.00 0.00 308.00
2024 252 21 0 -999.00 -999.00 -999.00 -999.00 -999.00 2.40000 88.00 19.60 100.36 1.50 0.00 -999.00 388.00 -999.00 -999.00 -999.00 -999.00 0.00 0.00 327.00
2024 252 22 0 -999.00 -999.00 -999.00 -999.00 -999.00 1.70000 94.00 18.70 100.31 1.80 0.00 -999.00 395.00 -999.00 -999.00 -999.00 -999.00 0.00 0.00 353.00
2024 252 23 0 -999.00 -999.00 -999.00 -999.00 -999.00 0.10000 96.00 18.90 100.33 2.60 0.00 -999.00 393.00 -999.00 -999.00 -999.00 -999.00 0.00 0.00 270.00
2024 253 0 0 -999.00 -999.00 -999.00 -999.00 -999.00 0.70000 98.00 18.40 100.27 3.30 0.00 -999.00 391.00 -999.00 -999.00 -999.00 -999.00 0.00 0.00 281.00
2024 253 1 0 -999.00 -999.00 -999.00 -999.00 -999.00 0.40000 99.00 18.10 100.18 3.70 0.00 -999.00 389.00 -999.00 -999.00 -999.00 -999.00 0.00 0.00 31.00
2024 253 2 0 -999.00 -999.00 -999.00 -999.00 -999.00 0.50000 98.00 17.70 100.10 4.30 0.00 -999.00 391.00 -999.00 -999.00 -999.00 -999.00 0.00 0.00 80.00
2024 253 3 0 -999.00 -999.00 -999.00 -999.00 -999.00 0.90000 98.00 17.50 100.05 3.80 0.00 -999.00 390.00 -999.00 -999.00 -999.00 -999.00 0.00 0.00 270.00
2024 253 4 0 -999.00 -999.00 -999.00 -999.00 -999.00 1.40000 99.00 17.20 100.00 2.60 0.00 -999.00 388.00 -999.00 -999.00 -999.00 -999.00 0.00 0.00 265.00
2024 253 5 0 -999.00 -999.00 -999.00 -999.00 -999.00 1.90000 99.00 17.00 99.95 2.00 0.00 -999.00 383.00 -999.00 -999.00 -999.00 -999.00 0.00 0.00 257.00
2024 253 6 0 -999.00 -999.00 -999.00 -999.00 -999.00 2.40000 99.00 16.70 99.95 1.80 0.00 -999.00 384.00 -999.00 -999.00 -999.00 -999.00 0.00 0.00 249.00
2024 253 7 0 -999.00 -999.00 -999.00 -999.00 -999.00 2.30000 98.00 16.50 99.91 1.20 8.00 -999.00 382.00 -999.00 -999.00 -999.00 -999.00 8.00 0.00 259.00
2024 253 8 0 -999.00 -999.00 -999.00 -999.00 -999.00 2.50000 96.00 16.40 99.92 0.20 60.00 -999.00 366.00 -999.00 -999.00 -999.00 -999.00 58.00 8.00 259.00
2024 253 9 0 -999.00 -999.00 -999.00 -999.00 -999.00 2.30000 95.00 16.50 99.90 0.10 99.00 -999.00 373.00 -999.00 -999.00 -999.00 -999.00 95.00 10.00 277.00
2024 253 10 0 -999.00 -999.00 -999.00 -999.00 -999.00 2.50000 91.00 16.90 99.91 0.10 135.00 -999.00 383.00 -999.00 -999.00 -999.00 -999.00 134.00 2.00 289.00
2024 253 11 0 -999.00 -999.00 -999.00 -999.00 -999.00 2.50000 90.00 17.50 99.87 0.10 210.00 -999.00 381.00 -999.00 -999.00 -999.00 -999.00 194.00 27.00 314.00
2024 253 12 0 -999.00 -999.00 -999.00 -999.00 -999.00 2.40000 87.00 18.10 99.89 0.00 214.00 -999.00 370.00 -999.00 -999.00 -999.00 -999.00 199.00 23.00 296.00
2024 253 13 0 -999.00 -999.00 -999.00 -999.00 -999.00 2.90000 83.00 19.10 99.90 0.00 327.00 -999.00 367.00 -999.00 -999.00 -999.00 -999.00 254.00 110.00 297.00
2024 253 14 0 -999.00 -999.00 -999.00 -999.00 -999.00 3.40000 80.00 19.80 99.87 0.00 291.00 -999.00 370.00 -999.00 -999.00 -999.00 -999.00 240.00 81.00 300.00
2024 253 15 0 -999.00 -999.00 -999.00 -999.00 -999.00 3.60000 76.00 20.00 99.88 0.00 270.00 -999.00 370.00 -999.00 -999.00 -999.00 -999.00 232.00 67.00 292.00
2024 253 16 0 -999.00 -999.00 -999.00 -999.00 -999.00 3.70000 72.00 19.50 99.90 0.50 196.00 -999.00 365.00 -999.00 -999.00 -999.00 -999.00 132.00 138.00 290.00
2024 253 17 0 -999.00 -999.00 -999.00 -999.00 -999.00 3.20000 76.00 18.90 99.91 0.00 135.00 -999.00 353.00 -999.00 -999.00 -999.00 -999.00 94.00 122.00 283.00
2024 253 18 0 -999.00 -999.00 -999.00 -999.00 -999.00 2.90000 80.00 18.30 99.92 0.00 79.00 -999.00 344.00 -999.00 -999.00 -999.00 -999.00 45.00 178.00 271.00
2024 253 19 0 -999.00 -999.00 -999.00 -999.00 -999.00 3.20000 84.00 17.50 99.93 0.00 13.00 -999.00 357.00 -999.00 -999.00 -999.00 -999.00 9.00 80.00 268.00
2024 253 20 0 -999.00 -999.00 -999.00 -999.00 -999.00 3.80000 87.00 16.80 99.98 0.00 0.00 -999.00 356.00 -999.00 -999.00 -999.00 -999.00 0.00 0.00 265.00
2024 253 21 0 -999.00 -999.00 -999.00 -999.00 -999.00 4.30000 88.00 16.50 100.01 0.00 0.00 -999.00 356.00 -999.00 -999.00 -999.00 -999.00 0.00 0.00 269.00
2024 253 22 0 -999.00 -999.00 -999.00 -999.00 -999.00 4.60000 90.00 16.10 100.06 0.00 0.00 -999.00 362.00 -999.00 -999.00 -999.00 -999.00 0.00 0.00 273.00
2024 253 23 0 -999.00 -999.00 -999.00 -999.00 -999.00 4.70000 89.00 15.90 100.11 0.00 0.00 -999.00 356.00 -999.00 -999.00 -999.00 -999.00 0.00 0.00 273.00
2024 254 0 0 -999.00 -999.00 -999.00 -999.00 -999.00 5.20000 89.00 15.50 100.16 0.00 0.00 -999.00 357.00 -999.00 -999.00 -999.00 -999.00 0.00 0.00 282.00
2024 254 1 0 -999.00 -999.00 -999.00 -999.00 -999.00 5.10000 89.00 15.10 100.23 0.00 0.00 -999.00 361.00 -999.00 -999.00 -999.00 -999.00 0.00 0.00 285.00
2024 254 2 0 -999.00 -999.00 -999.00 -999.00 -999.00 5.40000 88.00 14.50 100.26 0.10 0.00 -999.00 359.00 -999.00 -999.00 -999.00 -999.00 0.00 0.00 290.00
2024 254 3 0 -999.00 -999.00 -999.00 -999.00 -999.00 4.80000 87.00 13.70 100.33 0.10 0.00 -999.00 350.00 -999.00 -999.00 -999.00 -999.00 0.00 0.00 286.00
2024 254 4 0 -999.00 -999.00 -999.00 -999.00 -999.00 4.20000 88.00 13.00 100.35 0.00 0.00 -999.00 325.00 -999.00 -999.00 -999.00 -999.00 0.00 0.00 275.00
2024 254 5 0 -999.00 -999.00 -999.00 -999.00 -999.00 4.10000 88.00 12.80 100.39 0.00 0.00 -999.00 328.00 -999.00 -999.00 -999.00 -999.00 0.00 0.00 263.00
2024 254 6 0 -999.00 -999.00 -999.00 -999.00 -999.00 4.20000 88.00 12.50 100.45 0.00 0.00 -999.00 335.00 -999.00 -999.00 -999.00 -999.00 0.00 0.00 255.00
2024 254 7 0 -999.00 -999.00 -999.00 -999.00 -999.00 3.70000 87.00 12.80 100.48 0.00 32.00 -999.00 340.00 -999.00 -999.00 -999.00 -999.00 20.00 121.00 243.00
2024 254 8 0 -999.00 -999.00 -999.00 -999.00 -999.00 4.30000 80.00 13.50 100.48 0.00 91.00 -999.00 340.00 -999.00 -999.00 -999.00 -999.00 61.00 119.00 231.00
2024 254 9 0 -999.00 -999.00 -999.00 -999.00 -999.00 5.20000 74.00 14.30 100.48 0.00 210.00 -999.00 321.00 -999.00 -999.00 -999.00 -999.00 99.00 284.00 229.00
2024 254 10 0 -999.00 -999.00 -999.00 -999.00 -999.00 6.10000 72.00 14.80 100.47 0.00 306.00 -999.00 332.00 -999.00 -999.00 -999.00 -999.00 130.00 347.00 232.00
2024 254 11 0 -999.00 -999.00 -999.00 -999.00 -999.00 6.30000 71.00 15.90 100.42 0.10 437.00 -999.00 345.00 -999.00 -999.00 -999.00 -999.00 172.00 446.00 232.00
2024 254 12 0 -999.00 -999.00 -999.00 -999.00 -999.00 6.70000 68.00 16.40 100.42 0.10 301.00 -999.00 359.00 -999.00 -999.00 -999.00 -999.00 162.00 215.00 228.00
2024 254 13 0 -999.00 -999.00 -999.00 -999.00 -999.00 6.20000 69.00 16.60 100.39 0.00 262.00 -999.00 363.00 -999.00 -999.00 -999.00 -999.00 142.00 183.00 220.00
2024 254 14 0 -999.00 -999.00 -999.00 -999.00 -999.00 6.80000 64.00 17.30 100.33 0.00 470.00 -999.00 343.00 -999.00 -999.00 -999.00 -999.00 167.00 483.00 216.00
2024 254 15 0 -999.00 -999.00 -999.00 -999.00 -999.00 7.20000 62.00 17.40 100.27 0.00 342.00 -999.00 352.00 -999.00 -999.00 -999.00 -999.00 137.00 366.00 217.00
2024 254 16 0 -999.00 -999.00 -999.00 -999.00 -999.00 6.40000 64.00 17.00 100.21 0.00 102.00 -999.00 377.00 -999.00 -999.00 -999.00 -999.00 81.00 46.00 213.00
2024 254 17 0 -999.00 -999.00 -999.00 -999.00 -999.00 6.70000 65.00 16.80 100.16 0.00 44.00 -999.00 380.00 -999.00 -999.00 -999.00 -999.00 43.00 3.00 213.00
2024 254 18 0 -999.00 -999.00 -999.00 -999.00 -999.00 6.80000 68.00 16.40 100.08 0.00 17.00 -999.00 377.00 -999.00 -999.00 -999.00 -999.00 17.00 0.00 211.00
2024 254 19 0 -999.00 -999.00 -999.00 -999.00 -999.00 6.70000 74.00 15.80 100.04 0.50 2.00 -999.00 376.00 -999.00 -999.00 -999.00 -999.00 2.00 0.00 214.00
2024 254 20 0 -999.00 -999.00 -999.00 -999.00 -999.00 6.70000 79.00 15.40 100.04 0.90 0.00 -999.00 371.00 -999.00 -999.00 -999.00 -999.00 0.00 0.00 215.00
2024 254 21 0 -999.00 -999.00 -999.00 -999.00 -999.00 6.50000 82.00 15.10 99.97 0.60 0.00 -999.00 374.00 -999.00 -999.00 -999.00 -999.00 0.00 0.00 217.00
2024 254 22 0 -999.00 -999.00 -999.00 -999.00 -999.00 6.00000 88.00 14.40 99.94 0.50 0.00 -999.00 377.00 -999.00 -999.00 -999.00 -999.00 0.00 0.00 219.00
2024 254 23 0 -999.00 -999.00 -999.00 -999.00 -999.00 5.20000 95.00 13.70 99.89 0.60 0.00 -999.00 376.00 -999.00 -999.00 -999.00 -999.00 0.00 0.00 220.00
2024 255 0 0 -999.00 -999.00 -999.00 -999.00 -999.00 4.30000 96.00 13.30 99.83 1.10 0.00 -999.00 375.00 -999.00 -999.00 -999.00 -999.00 0.00 0.00 221.00
2024 255 1 0 -999.00 -999.00 -999.00 -999.00 -999.00 3.90000 98.00 12.90 99.75 1.20 0.00 -999.00 375.00 -999.00 -999.00 -999.00 -999.00 0.00 0.00 220.00
2024 255 2 0 -999.00 -999.00 -999.00 -999.00 -999.00 3.40000 99.00 12.80 99.66 1.80 0.00 -999.00 372.00 -999.00 -999.00 -999.00 -999.00 0.00 0.00 225.00
2024 255 3 0 -999.00 -999.00 -999.00 -999.00 -999.00 2.80000 99.00 12.60 99.63 2.40 0.00 -999.00 373.00 -999.00 -999.00 -999.00 -999.00 0.00 0.00 258.00
2024 255 4 0 -999.00 -999.00 -999.00 -999.00 -999.00 2.90000 96.00 12.10 99.58 3.90 0.00 -999.00 373.00 -999.00 -999.00 -999.00 -999.00 0.00 0.00 303.00
2024 255 5 0 -999.00 -999.00 -999.00 -999.00 -999.00 3.80000 94.00 10.90 99.56 3.00 0.00 -999.00 367.00 -999.00 -999.00 -999.00 -999.00 0.00 0.00 316.00
2024 255 6 0 -999.00 -999.00 -999.00 -999.00 -999.00 3.30000 92.00 10.10 99.62 2.30 0.00 -999.00 360.00 -999.00 -999.00 -999.00 -999.00 0.00 0.00 306.00
2024 255 7 0 -999.00 -999.00 -999.00 -999.00 -999.00 2.40000 91.00 10.30 99.65 1.80 7.00 -999.00 351.00 -999.00 -999.00 -999.00 -999.00 5.00 21.00 285.00
2024 255 8 0 -999.00 -999.00 -999.00 -999.00 -999.00 3.10000 92.00 10.40 99.69 0.40 53.00 -999.00 343.00 -999.00 -999.00 -999.00 -999.00 42.00 45.00 257.00
2024 255 9 0 -999.00 -999.00 -999.00 -999.00 -999.00 4.80000 85.00 11.10 99.78 0.10 207.00 -999.00 307.00 -999.00 -999.00 -999.00 -999.00 100.00 277.00 255.00
2024 255 10 0 -999.00 -999.00 -999.00 -999.00 -999.00 4.60000 84.00 11.40 99.84 0.10 257.00 -999.00 335.00 -999.00 -999.00 -999.00 -999.00 138.00 236.00 253.00
2024 255 11 0 -999.00 -999.00 -999.00 -999.00 -999.00 4.20000 83.00 12.40 99.88 0.10 327.00 -999.00 332.00 -999.00 -999.00 -999.00 -999.00 143.00 312.00 270.00
2024 255 12 0 -999.00 -999.00 -999.00 -999.00 -999.00 3.50000 78.00 13.30 99.91 0.10 501.00 -999.00 322.00 -999.00 -999.00 -999.00 -999.00 144.00 557.00 262.00
2024 255 13 0 -999.00 -999.00 -999.00 -999.00 -999.00 3.10000 73.00 14.30 99.88 0.30 508.00 -999.00 328.00 -999.00 -999.00 -999.00 -999.00 179.00 505.00 251.00
2024 255 14 0 -999.00 -999.00 -999.00 -999.00 -999.00 4.60000 74.00 13.20 100.03 1.40 430.00 -999.00 322.00 -999.00 -999.00 -999.00 -999.00 185.00 394.00 248.00
2024 255 15 0 -999.00 -999.00 -999.00 -999.00 -999.00 4.80000 82.00 11.50 100.05 1.10 373.00 -999.00 308.00 -999.00 -999.00 -999.00 -999.00 151.00 400.00 250.00
2024 255 16 0 -999.00 -999.00 -999.00 -999.00 -999.00 4.50000 83.00 11.30 100.08 0.20 278.00 -999.00 323.00 -999.00 -999.00 -999.00 -999.00 122.00 344.00 252.00
2024 255 17 0 -999.00 -999.00 -999.00 -999.00 -999.00 4.50000 79.00 12.00 100.13 0.00 206.00 -999.00 311.00 -999.00 -999.00 -999.00 -999.00 93.00 348.00 257.00
2024 255 18 0 -999.00 -999.00 -999.00 -999.00 -999.00 3.90000 78.00 11.70 100.18 0.00 99.00 -999.00 305.00 -999.00 -999.00 -999.00 -999.00 54.00 252.00 246.00
2024 255 19 0 -999.00 -999.00 -999.00 -999.00 -999.00 3.60000 85.00 10.10 100.24 0.00 11.00 -999.00 306.00 -999.00 -999.00 -999.00 -999.00 7.00 80.00 245.00
2024 255 20 0 -999.00 -999.00 -999.00 -999.00 -999.00 3.30000 89.00 9.20 100.30 0.00 0.00 -999.00 307.00 -999.00 -999.00 -999.00 -999.00 0.00 0.00 236.00
2024 255 21 0 -999.00 -999.00 -999.00 -999.00 -999.00 3.50000 90.00 8.80 100.32 0.00 0.00 -999.00 287.00 -999.00 -999.00 -999.00 -999.00 0.00 0.00 231.00
2024 255 22 0 -999.00 -999.00 -999.00 -999.00 -999.00 3.40000 92.00 8.20 100.37 0.00 0.00 -999.00 278.00 -999.00 -999.00 -999.00 -999.00 0.00 0.00 234.00
2024 255 23 0 -999.00 -999.00 -999.00 -999.00 -999.00 4.20000 90.00 8.20 100.39 0.00 0.00 -999.00 291.00 -999.00 -999.00 -999.00 -999.00 0.00 0.00 224.00
2024 256 0 0 -999.00 -999.00 -999.00 -999.00 -999.00 3.80000 90.00 8.00 100.40 0.00 0.00 -999.00 298.00 -999.00 -999.00 -999.00 -999.00 0.00 0.00 228.00
2024 256 1 0 -999.00 -999.00 -999.00 -999.00 -999.00 3.50000 93.00 7.40 100.43 0.00 0.00 -999.00 272.00 -999.00 -999.00 -999.00 -999.00 0.00 0.00 234.00
2024 256 2 0 -999.00 -999.00 -999.00 -999.00 -999.00 3.60000 93.00 6.90 100.48 0.00 0.00 -999.00 271.00 -999.00 -999.00 -999.00 -999.00 0.00 0.00 225.00
2024 256 3 0 -999.00 -999.00 -999.00 -999.00 -999.00 3.80000 93.00 6.60 100.48 0.00 0.00 -999.00 273.00 -999.00 -999.00 -999.00 -999.00 0.00 0.00 225.00
2024 256 4 0 -999.00 -999.00 -999.00 -999.00 -999.00 3.70000 94.00 6.40 100.53 0.00 0.00 -999.00 275.00 -999.00 -999.00 -999.00 -999.00 0.00 0.00 221.00
2024 256 5 0 -999.00 -999.00 -999.00 -999.00 -999.00 3.50000 96.00 6.10 100.59 0.00 0.00 -999.00 270.00 -999.00 -999.00 -999.00 -999.00 0.00 0.00 213.00
2024 256 6 0 -999.00 -999.00 -999.00 -999.00 -999.00 3.30000 95.00 6.20 100.64 0.00 0.00 -999.00 280.00 -999.00 -999.00 -999.00 -999.00 0.00 0.00 210.00
2024 256 7 0 -999.00 -999.00 -999.00 -999.00 -999.00 3.50000 94.00 6.90 100.70 0.00 52.00 -999.00 266.00 -999.00 -999.00 -999.00 -999.00 25.00 298.00 211.00
2024 256 8 0 -999.00 -999.00 -999.00 -999.00 -999.00 4.60000 89.00 8.30 100.71 0.00 167.00 -999.00 277.00 -999.00 -999.00 -999.00 -999.00 61.00 437.00 223.00
2024 256 9 0 -999.00 -999.00 -999.00 -999.00 -999.00 4.30000 85.00 9.80 100.74 0.00 298.00 -999.00 292.00 -999.00 -999.00 -999.00 -999.00 95.00 532.00 229.00
2024 256 10 0 -999.00 -999.00 -999.00 -999.00 -999.00 4.00000 80.00 11.30 100.79 0.00 389.00 -999.00 320.00 -999.00 -999.00 -999.00 -999.00 163.00 453.00 235.00
2024 256 11 0 -999.00 -999.00 -999.00 -999.00 -999.00 3.50000 72.00 12.40 100.84 0.10 437.00 -999.00 311.00 -999.00 -999.00 -999.00 -999.00 144.00 500.00 237.00
2024 256 12 0 -999.00 -999.00 -999.00 -999.00 -999.00 3.30000 67.00 13.30 100.86 0.00 503.00 -999.00 303.00 -999.00 -999.00 -999.00 -999.00 128.00 590.00 222.00
2024 256 13 0 -999.00 -999.00 -999.00 -999.00 -999.00 3.20000 64.00 13.60 100.89 0.00 459.00 -999.00 313.00 -999.00 -999.00 -999.00 -999.00 188.00 419.00 219.00
2024 256 14 0 -999.00 -999.00 -999.00 -999.00 -999.00 2.90000 60.00 14.10 100.91 0.00 471.00 -999.00 309.00 -999.00 -999.00 -999.00 -999.00 142.00 533.00 233.00
2024 256 15 0 -999.00 -999.00 -999.00 -999.00 -999.00 2.50000 59.00 14.10 100.94 0.00 380.00 -999.00 315.00 -999.00 -999.00 -999.00 -999.00 127.00 461.00 239.00
2024 256 16 0 -999.00 -999.00 -999.00 -999.00 -999.00 2.40000 56.00 14.40 100.98 0.10 288.00 -999.00 316.00 -999.00 -999.00 -999.00 -999.00 111.00 396.00 237.00
2024 256 17 0 -999.00 -999.00 -999.00 -999.00 -999.00 2.40000 60.00 14.00 101.01 0.40 166.00 -999.00 326.00 -999.00 -999.00 -999.00 -999.00 65.00 317.00 247.00
2024 256 18 0 -999.00 -999.00 -999.00 -999.00 -999.00 1.70000 72.00 12.70 101.04 0.00 89.00 -999.00 311.00 -999.00 -999.00 -999.00 -999.00 47.00 243.00 250.00
2024 256 19 0 -999.00 -999.00 -999.00 -999.00 -999.00 1.70000 86.00 10.30 101.12 0.00 12.00 -999.00 303.00 -999.00 -999.00 -999.00 -999.00 8.00 80.00 270.00
2024 256 20 0 -999.00 -999.00 -999.00 -999.00 -999.00 1.80000 92.00 8.80 101.17 0.00 0.00 -999.00 302.00 -999.00 -999.00 -999.00 -999.00 0.00 0.00 256.00
2024 256 21 0 -999.00 -999.00 -999.00 -999.00 -999.00 1.90000 92.00 9.10 101.19 0.00 0.00 -999.00 303.00 -999.00 -999.00 -999.00 -999.00 0.00 0.00 247.00
2024 256 22 0 -999.00 -999.00 -999.00 -999.00 -999.00 1.90000 96.00 8.20 101.22 0.00 0.00 -999.00 289.00 -999.00 -999.00 -999.00 -999.00 0.00 0.00 267.00
2024 256 23 0 -999.00 -999.00 -999.00 -999.00 -999.00 1.40000 98.00 6.90 101.28 0.00 0.00 -999.00 295.00 -999.00 -999.00 -999.00 -999.00 0.00 0.00 242.00
2024 257 0 0 -999.00 -999.00 -999.00 -999.00 -999.00 1.60000 99.00 6.20 101.33 0.00 0.00 -999.00 286.00 -999.00 -999.00 -999.00 -999.00 0.00 0.00 250.00
2024 257 1 0 -999.00 -999.00 -999.00 -999.00 -999.00 1.80000 99.00 5.90 101.36 0.00 0.00 -999.00 285.00 -999.00 -999.00 -999.00 -999.00 0.00 0.00 280.00
2024 257 2 0 -999.00 -999.00 -999.00 -999.00 -999.00 1.60000 99.00 5.50 101.38 0.00 0.00 -999.00 281.00 -999.00 -999.00 -999.00 -999.00 0.00 0.00 280.00
2024 257 3 0 -999.00 -999.00 -999.00 -999.00 -999.00 1.80000 100.00 5.40 101.44 0.00 0.00 -999.00 289.00 -999.00 -999.00 -999.00 -999.00 0.00 0.00 274.00
2024 257 4 0 -999.00 -999.00 -999.00 -999.00 -999.00 1.80000 100.00 5.00 101.43 0.00 0.00 -999.00 284.00 -999.00 -999.00 -999.00 -999.00 0.00 0.00 297.00
2024 257 5 0 -999.00 -999.00 -999.00 -999.00 -999.00 2.50000 100.00 4.80 101.49 0.00 0.00 -999.00 285.00 -999.00 -999.00 -999.00 -999.00 0.00 0.00 303.00
2024 257 6 0 -999.00 -999.00 -999.00 -999.00 -999.00 2.30000 100.00 4.90 101.56 0.00 0.00 -999.00 284.00 -999.00 -999.00 -999.00 -999.00 0.00 0.00 315.00
2024 257 7 0 -999.00 -999.00 -999.00 -999.00 -999.00 2.20000 100.00 6.50 101.64 0.00 44.00 -999.00 284.00 -999.00 -999.00 -999.00 -999.00 30.00 163.00 320.00
2024 257 8 0 -999.00 -999.00 -999.00 -999.00 -999.00 2.60000 95.00 8.60 101.69 0.00 117.00 -999.00 326.00 -999.00 -999.00 -999.00 -999.00 92.00 105.00 333.00
2024 257 9 0 -999.00 -999.00 -999.00 -999.00 -999.00 3.00000 89.00 11.10 101.74 0.00 250.00 -999.00 311.00 -999.00 -999.00 -999.00 -999.00 145.00 278.00 349.00
2024 257 10 0 -999.00 -999.00 -999.00 -999.00 -999.00 3.50000 79.00 13.10 101.79 0.00 405.00 -999.00 308.00 -999.00 -999.00 -999.00 -999.00 145.00 526.00 359.00
2024 257 11 0 -999.00 -999.00 -999.00 -999.00 -999.00 3.20000 66.00 14.60 101.83 0.00 460.00 -999.00 316.00 -999.00 -999.00 -999.00 -999.00 176.00 489.00 355.00
2024 257 12 0 -999.00 -999.00 -999.00 -999.00 -999.00 3.90000 60.00 15.20 101.87 0.00 478.00 -999.00 312.00 -999.00 -999.00 -999.00 -999.00 219.00 411.00 350.00
2024 257 13 0 -999.00 -999.00 -999.00 -999.00 -999.00 4.60000 57.00 15.40 101.90 0.00 429.00 -999.00 322.00 -999.00 -999.00 -999.00 -999.00 282.00 229.00 346.00
2024 257 14 0 -999.00 -999.00 -999.00 -999.00 -999.00 4.70000 56.00 15.50 101.93 0.00 393.00 -999.00 331.00 -999.00 -999.00 -999.00 -999.00 241.00 249.00 341.00
2024 257 15 0 -999.00 -999.00 -999.00 -999.00 -999.00 4.80000 59.00 15.30 101.93 0.00 209.00 -999.00 344.00 -999.00 -999.00 -999.00 -999.00 161.00 88.00 341.00
2024 257 16 0 -999.00 -999.00 -999.00 -999.00 -999.00 4.70000 61.00 14.90 101.95 0.00 167.00 -999.00 338.00 -999.00 -999.00 -999.00 -999.00 139.00 63.00 336.00
2024 257 17 0 -999.00 -999.00 -999.00 -999.00 -999.00 4.30000 61.00 14.80 101.99 0.00 151.00 -999.00 331.00 -999.00 -999.00 -999.00 -999.00 122.00 93.00 333.00
2024 257 18 0 -999.00 -999.00 -999.00 -999.00 -999.00 3.90000 64.00 13.70 102.03 0.00 74.00 -999.00 324.00 -999.00 -999.00 -999.00 -999.00 66.00 48.00 333.00
2024 257 19 0 -999.00 -999.00 -999.00 -999.00 -999.00 3.90000 69.00 12.40 102.08 0.00 10.00 -999.00 314.00 -999.00 -999.00 -999.00 -999.00 10.00 0.00 329.00
2024 257 20 0 -999.00 -999.00 -999.00 -999.00 -999.00 4.20000 74.00 11.20 102.13 0.00 0.00 -999.00 320.00 -999.00 -999.00 -999.00 -999.00 0.00 0.00 330.00
2024 257 21 0 -999.00 -999.00 -999.00 -999.00 -999.00 4.10000 77.00 10.50 102.19 0.00 0.00 -999.00 304.00 -999.00 -999.00 -999.00 -999.00 0.00 0.00 334.00
2024 257 22 0 -999.00 -999.00 -999.00 -999.00 -999.00 3.80000 80.00 9.70 102.24 0.00 0.00 -999.00 284.00 -999.00 -999.00 -999.00 -999.00 0.00 0.00 336.00
2024 257 23 0 -999.00 -999.00 -999.00 -999.00 -999.00 4.40000 81.00 9.30 102.28 0.00 0.00 -999.00 276.00 -999.00 -999.00 -999.00 -999.00 0.00 0.00 340.00
2024 258 0 0 -999.00 -999.00 -999.00 -999.00 -999.00 4.30000 83.00 8.80 102.31 0.00 0.00 -999.00 277.00 -999.00 -999.00 -999.00 -999.00 0.00 0.00 345.00
2024 258 1 0 -999.00 -999.00 -999.00 -999.00 -999.00 4.00000 85.00 8.30 102.33 0.00 0.00 -999.00 274.00 -999.00 -999.00 -999.00 -999.00 0.00 0.00 346.00
2024 258 2 0 -999.00 -999.00 -999.00 -999.00 -999.00 3.70000 87.00 7.70 102.33 0.00 0.00 -999.00 268.00 -999.00 -999.00 -999.00 -999.00 0.00 0.00 345.00
2024 258 3 0 -999.00 -999.00 -999.00 -999.00 -999.00 3.20000 89.00 7.30 102.36 0.00 0.00 -999.00 268.00 -999.00 -999.00 -999.00 -999.00 0.00 0.00 340.00
2024 258 4 0 -999.00 -999.00 -999.00 -999.00 -999.00 3.20000 90.00 7.00 102.35 0.00 0.00 -999.00 271.00 -999.00 -999.00 -999.00 -999.00 0.00 0.00 330.00
2024 258 5 0 -999.00 -999.00 -999.00 -999.00 -999.00 3.50000 90.00 6.90 102.38 0.00 0.00 -999.00 273.00 -999.00 -999.00 -999.00 -999.00 0.00 0.00 328.00
2024 258 6 0 -999.00 -999.00 -999.00 -999.00 -999.00 3.40000 91.00 6.60 102.42 0.00 0.00 -999.00 270.00 -999.00 -999.00 -999.00 -999.00 0.00 0.00 331.00
2024 258 7 0 -999.00 -999.00 -999.00 -999.00 -999.00 3.30000 89.00 7.60 102.46 0.00 46.00 -999.00 269.00 -999.00 -999.00 -999.00 -999.00 23.00 282.00 333.00
2024 258 8 0 -999.00 -999.00 -999.00 -999.00 -999.00 3.10000 80.00 10.30 102.48 0.00 166.00 -999.00 274.00 -999.00 -999.00 -999.00 -999.00 59.00 458.00 330.00
2024 258 9 0 -999.00 -999.00 -999.00 -999.00 -999.00 3.90000 69.00 12.50 102.50 0.00 314.00 -999.00 278.00 -999.00 -999.00 -999.00 -999.00 80.00 627.00 334.00
2024 258 10 0 -999.00 -999.00 -999.00 -999.00 -999.00 4.90000 63.00 13.80 102.51 0.00 436.00 -999.00 287.00 -999.00 -999.00 -999.00 -999.00 104.00 678.00 340.00
2024 258 11 0 -999.00 -999.00 -999.00 -999.00 -999.00 5.50000 56.00 14.70 102.50 0.00 525.00 -999.00 289.00 -999.00 -999.00 -999.00 -999.00 109.00 722.00 346.00
2024 258 12 0 -999.00 -999.00 -999.00 -999.00 -999.00 4.80000 54.00 15.60 102.50 0.00 533.00 -999.00 325.00 -999.00 -999.00 -999.00 -999.00 183.00 559.00 339.00
2024 258 13 0 -999.00 -999.00 -999.00 -999.00 -999.00 4.80000 53.00 15.70 102.52 0.00 452.00 -999.00 332.00 -999.00 -999.00 -999.00 -999.00 225.00 357.00 330.00
2024 258 14 0 -999.00 -999.00 -999.00 -999.00 -999.00 4.70000 52.00 16.00 102.52 0.00 464.00 -999.00 327.00 -999.00 -999.00 -999.00 -999.00 173.00 480.00 326.00
2024 258 15 0 -999.00 -999.00 -999.00 -999.00 -999.00 4.70000 52.00 16.00 102.48 0.00 337.00 -999.00 339.00 -999.00 -999.00 -999.00 -999.00 186.00 281.00 325.00
2024 258 16 0 -999.00 -999.00 -999.00 -999.00 -999.00 4.80000 54.00 15.70 102.49 0.00 249.00 -999.00 333.00 -999.00 -999.00 -999.00 -999.00 138.00 255.00 324.00
2024 258 17 0 -999.00 -999.00 -999.00 -999.00 -999.00 4.50000 56.00 15.10 102.47 0.00 173.00 -999.00 329.00 -999.00 -999.00 -999.00 -999.00 125.00 156.00 326.00
2024 258 18 0 -999.00 -999.00 -999.00 -999.00 -999.00 4.00000 61.00 13.90 102.47 0.00 77.00 -999.00 332.00 -999.00 -999.00 -999.00 -999.00 59.00 112.00 326.00
2024 258 19 0 -999.00 -999.00 -999.00 -999.00 -999.00 3.40000 71.00 11.90 102.50 0.00 7.00 -999.00 324.00 -999.00 -999.00 -999.00 -999.00 6.00 20.00 328.00
2024 258 20 0 -999.00 -999.00 -999.00 -999.00 -999.00 2.60000 79.00 10.10 102.51 0.00 0.00 -999.00 298.00 -999.00 -999.00 -999.00 -999.00 0.00 0.00 328.00
2024 258 21 0 -999.00 -999.00 -999.00 -999.00 -999.00 2.00000 85.00 8.80 102.53 0.00 0.00 -999.00 286.00 -999.00 -999.00 -999.00 -999.00 0.00 0.00 329.00
2024 258 22 0 -999.00 -999.00 -999.00 -999.00 -999.00 2.10000 91.00 7.60 102.53 0.00 0.00 -999.00 279.00 -999.00 -999.00 -999.00 -999.00 0.00 0.00 328.00
2024 258 23 0 -999.00 -999.00 -999.00 -999.00 -999.00 2.10000 93.00 7.10 102.52 0.00 0.00 -999.00 278.00 -999.00 -999.00 -999.00 -999.00 0.00 0.00 325.00
2024 259 0 0 -999.00 -999.00 -999.00 -999.00 -999.00 1.90000 94.00 6.60 102.51 0.00 0.00 -999.00 276.00 -999.00 -999.00 -999.00 -999.00 0.00 0.00 324.00
2024 259 1 0 -999.00 -999.00 -999.00 -999.00 -999.00 1.80000 95.00 6.00 102.48 0.00 0.00 -999.00 276.00 -999.00 -999.00 -999.00 -999.00 0.00 0.00 314.00
2024 259 2 0 -999.00 -999.00 -999.00 -999.00 -999.00 1.70000 96.00 5.50 102.46 0.00 0.00 -999.00 276.00 -999.00 -999.00 -999.00 -999.00 0.00 0.00 308.00
2024 259 3 0 -999.00 -999.00 -999.00 -999.00 -999.00 1.70000 97.00 4.90 102.45 0.00 0.00 -999.00 277.00 -999.00 -999.00 -999.00 -999.00 0.00 0.00 299.00
2024 259 4 0 -999.00 -999.00 -999.00 -999.00 -999.00 1.90000 97.00 5.00 102.41 0.00 0.00 -999.00 279.00 -999.00 -999.00 -999.00 -999.00 0.00 0.00 294.00
2024 259 5 0 -999.00 -999.00 -999.00 -999.00 -999.00 2.20000 98.00 5.20 102.39 0.00 0.00 -999.00 289.00 -999.00 -999.00 -999.00 -999.00 0.00 0.00 294.00
2024 259 6 0 -999.00 -999.00 -999.00 -999.00 -999.00 2.20000 98.00 5.20 102.36 0.00 0.00 -999.00 290.00 -999.00 -999.00 -999.00 -999.00 0.00 0.00 297.00
2024 259 7 0 -999.00 -999.00 -999.00 -999.00 -999.00 2.40000 96.00 6.70 102.37 0.00 36.00 -999.00 296.00 -999.00 -999.00 -999.00 -999.00 19.00 220.00 302.00
2024 259 8 0 -999.00 -999.00 -999.00 -999.00 -999.00 1.80000 86.00 9.90 102.38 0.00 111.00 -999.00 318.00 -999.00 -999.00 -999.00 -999.00 71.00 174.00 309.00
2024 259 9 0 -999.00 -999.00 -999.00 -999.00 -999.00 1.70000 75.00 12.60 102.37 0.00 193.00 -999.00 336.00 -999.00 -999.00 -999.00 -999.00 130.00 171.00 318.00
2024 259 10 0 -999.00 -999.00 -999.00 -999.00 -999.00 2.00000 66.00 14.30 102.37 0.00 253.00 -999.00 348.00 -999.00 -999.00 -999.00 -999.00 152.00 208.00 323.00
2024 259 11 0 -999.00 -999.00 -999.00 -999.00 -999.00 2.00000 66.00 15.00 102.33 0.00 273.00 -999.00 349.00 -999.00 -999.00 -999.00 -999.00 171.00 179.00 335.00
2024 259 12 0 -999.00 -999.00 -999.00 -999.00 -999.00 2.50000 64.00 16.00 102.30 0.00 438.00 -999.00 338.00 -999.00 -999.00 -999.00 -999.00 205.00 375.00 337.00
2024 259 13 0 -999.00 -999.00 -999.00 -999.00 -999.00 3.40000 62.00 16.80 102.24 0.00 473.00 -999.00 334.00 -999.00 -999.00 -999.00 -999.00 170.00 480.00 348.00
2024 259 14 0 -999.00 -999.00 -999.00 -999.00 -999.00 3.50000 61.00 17.00 102.21 0.00 330.00 -999.00 364.00 -999.00 -999.00 -999.00 -999.00 225.00 175.00 349.00
2024 259 15 0 -999.00 -999.00 -999.00 -999.00 -999.00 3.40000 60.00 17.40 102.16 0.00 251.00 -999.00 369.00 -999.00 -999.00 -999.00 -999.00 192.00 111.00 353.00
2024 259 16 0 -999.00 -999.00 -999.00 -999.00 -999.00 3.10000 60.00 17.30 102.13 0.00 225.00 -999.00 358.00 -999.00 -999.00 -999.00 -999.00 136.00 207.00 355.00
2024 259 17 0 -999.00 -999.00 -999.00 -999.00 -999.00 2.50000 63.00 16.90 102.12 0.00 156.00 -999.00 353.00 -999.00 -999.00 -999.00 -999.00 101.00 183.00 351.00
2024 259 18 0 -999.00 -999.00 -999.00 -999.00 -999.00 2.00000 70.00 15.40 102.10 0.00 62.00 -999.00 340.00 -999.00 -999.00 -999.00 -999.00 45.00 111.00 351.00
2024 259 19 0 -999.00 -999.00 -999.00 -999.00 -999.00 1.60000 84.00 12.90 102.14 0.00 7.00 -999.00 328.00 -999.00 -999.00 -999.00 -999.00 5.00 40.00 3.00
2024 259 20 0 -999.00 -999.00 -999.00 -999.00 -999.00 1.40000 89.00 12.10 102.15 0.00 0.00 -999.00 356.00 -999.00 -999.00 -999.00 -999.00 0.00 0.00 35.00
2024 259 21 0 -999.00 -999.00 -999.00 -999.00 -999.00 1.40000 90.00 12.00 102.14 0.00 0.00 -999.00 356.00 -999.00 -999.00 -999.00 -999.00 0.00 0.00 39.00
2024 259 22 0 -999.00 -999.00 -999.00 -999.00 -999.00 1.50000 87.00 11.90 102.11 0.00 0.00 -999.00 350.00 -999.00 -999.00 -999.00 -999.00 0.00 0.00 52.00
2024 259 23 0 -999.00 -999.00 -999.00 -999.00 -999.00 0.10000 86.00 11.70 102.10 0.00 0.00 -999.00 332.00 -999.00 -999.00 -999.00 -999.00 0.00 0.00 59.00
2024 260 0 0 -999.00 -999.00 -999.00 -999.00 -999.00 0.30000 91.00 10.90 102.08 0.00 0.00 -999.00 345.00 -999.00 -999.00 -999.00 -999.00 0.00 0.00 291.00
2024 260 1 0 -999.00 -999.00 -999.00 -999.00 -999.00 0.30000 95.00 10.70 102.06 0.00 0.00 -999.00 356.00 -999.00 -999.00 -999.00 -999.00 0.00 0.00 244.00
2024 260 2 0 -999.00 -999.00 -999.00 -999.00 -999.00 0.40000 93.00 10.80 102.05 0.00 0.00 -999.00 354.00 -999.00 -999.00 -999.00 -999.00 0.00 0.00 238.00
2024 260 3 0 -999.00 -999.00 -999.00 -999.00 -999.00 1.00000 93.00 11.30 102.05 0.00 0.00 -999.00 362.00 -999.00 -999.00 -999.00 -999.00 0.00 0.00 340.00
2024 260 4 0 -999.00 -999.00 -999.00 -999.00 -999.00 1.20000 92.00 11.20 102.01 0.00 0.00 -999.00 349.00 -999.00 -999.00 -999.00 -999.00 0.00 0.00 331.00
2024 260 5 0 -999.00 -999.00 -999.00 -999.00 -999.00 1.60000 93.00 11.00 102.00 0.00 0.00 -999.00 340.00 -999.00 -999.00 -999.00 -999.00 0.00 0.00 307.00
2024 260 6 0 -999.00 -999.00 -999.00 -999.00 -999.00 1.90000 94.00 11.10 102.00 0.00 0.00 -999.00 339.00 -999.00 -999.00 -999.00 -999.00 0.00 0.00 306.00
2024 260 7 0 -999.00 -999.00 -999.00 -999.00 -999.00 2.60000 93.00 11.50 102.00 0.00 31.00 -999.00 332.00 -999.00 -999.00 -999.00 -999.00 23.00 110.00 318.00
2024 260 8 0 -999.00 -999.00 -999.00 -999.00 -999.00 2.50000 90.00 13.10 102.03 0.00 144.00 -999.00 310.00 -999.00 -999.00 -999.00 -999.00 59.00 378.00 329.00
2024 260 9 0 -999.00 -999.00 -999.00 -999.00 -999.00 3.30000 84.00 15.20 102.07 0.00 243.00 -999.00 328.00 -999.00 -999.00 -999.00 -999.00 107.00 374.00 351.00
2024 260 10 0 -999.00 -999.00 -999.00 -999.00 -999.00 3.90000 77.00 16.70 102.07 0.00 343.00 -999.00 342.00 -999.00 -999.00 -999.00 -999.00 126.00 452.00 359.00
2024 260 11 0 -999.00 -999.00 -999.00 -999.00 -999.00 4.20000 71.00 17.70 102.05 0.00 383.00 -999.00 356.00 -999.00 -999.00 -999.00 -999.00 175.00 367.00 352.00
2024 260 12 0 -999.00 -999.00 -999.00 -999.00 -999.00 4.30000 68.00 18.30 102.07 0.00 275.00 -999.00 376.00 -999.00 -999.00 -999.00 -999.00 205.00 114.00 5.00
2024 260 13 0 -999.00 -999.00 -999.00 -999.00 -999.00 4.20000 67.00 18.60 102.10 0.00 205.00 -999.00 385.00 -999.00 -999.00 -999.00 -999.00 197.00 13.00 13.00
2024 260 14 0 -999.00 -999.00 -999.00 -999.00 -999.00 3.90000 67.00 18.80 102.13 0.00 209.00 -999.00 387.00 -999.00 -999.00 -999.00 -999.00 197.00 20.00 13.00
2024 260 15 0 -999.00 -999.00 -999.00 -999.00 -999.00 3.50000 67.00 18.60 102.12 0.00 184.00 -999.00 375.00 -999.00 -999.00 -999.00 -999.00 157.00 51.00 10.00
2024 260 16 0 -999.00 -999.00 -999.00 -999.00 -999.00 3.00000 69.00 18.20 102.12 0.00 90.00 -999.00 380.00 -999.00 -999.00 -999.00 -999.00 82.00 19.00 10.00
2024 260 17 0 -999.00 -999.00 -999.00 -999.00 -999.00 3.10000 70.00 17.60 102.17 0.00 83.00 -999.00 366.00 -999.00 -999.00 -999.00 -999.00 64.00 65.00 13.00
2024 260 18 0 -999.00 -999.00 -999.00 -999.00 -999.00 3.20000 73.00 16.70 102.21 0.00 60.00 -999.00 349.00 -999.00 -999.00 -999.00 -999.00 42.00 122.00 19.00
2024 260 19 0 -999.00 -999.00 -999.00 -999.00 -999.00 3.30000 78.00 15.40 102.28 0.00 6.00 -999.00 333.00 -999.00 -999.00 -999.00 -999.00 5.00 20.00 22.00
2024 260 20 0 -999.00 -999.00 -999.00 -999.00 -999.00 3.30000 81.00 14.50 102.33 0.00 0.00 -999.00 352.00 -999.00 -999.00 -999.00 -999.00 0.00 0.00 22.00
2024 260 21 0 -999.00 -999.00 -999.00 -999.00 -999.00 3.10000 85.00 13.80 102.37 0.00 0.00 -999.00 327.00 -999.00 -999.00 -999.00 -999.00 0.00 0.00 27.00
2024 260 22 0 -999.00 -999.00 -999.00 -999.00 -999.00 2.80000 89.00 13.20 102.37 0.00 0.00 -999.00 319.00 -999.00 -999.00 -999.00 -999.00 0.00 0.00 26.00
2024 260 23 0 -999.00 -999.00 -999.00 -999.00 -999.00 2.70000 91.00 12.90 102.42 0.00 0.00 -999.00 318.00 -999.00 -999.00 -999.00 -999.00 0.00 0.00 14.00
2024 261 0 0 -999.00 -999.00 -999.00 -999.00 -999.00 2.80000 92.00 12.30 102.42 0.00 0.00 -999.00 314.00 -999.00 -999.00 -999.00 -999.00 0.00 0.00 20.00
2024 261 1 0 -999.00 -999.00 -999.00 -999.00 -999.00 2.60000 90.00 12.50 102.42 0.00 0.00 -999.00 329.00 -999.00 -999.00 -999.00 -999.00 0.00 0.00 18.00
2024 261 2 0 -999.00 -999.00 -999.00 -999.00 -999.00 2.90000 89.00 12.40 102.43 0.00 0.00 -999.00 331.00 -999.00 -999.00 -999.00 -999.00 0.00 0.00 7.00
2024 261 3 0 -999.00 -999.00 -999.00 -999.00 -999.00 3.10000 89.00 12.50 102.46 0.00 0.00 -999.00 332.00 -999.00 -999.00 -999.00 -999.00 0.00 0.00 8.00
2024 261 4 0 -999.00 -999.00 -999.00 -999.00 -999.00 3.10000 88.00 12.90 102.48 0.00 0.00 -999.00 330.00 -999.00 -999.00 -999.00 -999.00 0.00 0.00 14.00
2024 261 5 0 -999.00 -999.00 -999.00 -999.00 -999.00 3.10000 88.00 13.20 102.51 0.00 0.00 -999.00 349.00 -999.00 -999.00 -999.00 -999.00 0.00 0.00 9.00
2024 261 6 0 -999.00 -999.00 -999.00 -999.00 -999.00 3.30000 90.00 13.00 102.57 0.00 0.00 -999.00 325.00 -999.00 -999.00 -999.00 -999.00 0.00 0.00 7.00
2024 261 7 0 -999.00 -999.00 -999.00 -999.00 -999.00 3.50000 89.00 13.60 102.63 0.00 23.00 -999.00 334.00 -999.00 -999.00 -999.00 -999.00 16.00 103.00 14.00
2024 261 8 0 -999.00 -999.00 -999.00 -999.00 -999.00 3.50000 88.00 14.40 102.66 0.00 106.00 -999.00 358.00 -999.00 -999.00 -999.00 -999.00 54.00 236.00 18.00
2024 261 9 0 -999.00 -999.00 -999.00 -999.00 -999.00 5.00000 86.00 15.50 102.69 0.00 183.00 -999.00 348.00 -999.00 -999.00 -999.00 -999.00 107.00 212.00 36.00
2024 261 10 0 -999.00 -999.00 -999.00 -999.00 -999.00 4.80000 80.00 16.70 102.69 0.00 226.00 -999.00 373.00 -999.00 -999.00 -999.00 -999.00 171.00 116.00 44.00
2024 261 11 0 -999.00 -999.00 -999.00 -999.00 -999.00 4.40000 77.00 17.40 102.70 0.00 267.00 -999.00 386.00 -999.00 -999.00 -999.00 -999.00 211.00 100.00 40.00
2024 261 12 0 -999.00 -999.00 -999.00 -999.00 -999.00 4.30000 74.00 18.20 102.70 0.00 336.00 -999.00 381.00 -999.00 -999.00 -999.00 -999.00 253.00 136.00 38.00
2024 261 13 0 -999.00 -999.00 -999.00 -999.00 -999.00 4.00000 71.00 18.90 102.70 0.00 409.00 -999.00 380.00 -999.00 -999.00 -999.00 -999.00 269.00 226.00 41.00
2024 261 14 0 -999.00 -999.00 -999.00 -999.00 -999.00 3.70000 68.00 19.50 102.69 0.00 386.00 -999.00 373.00 -999.00 -999.00 -999.00 -999.00 216.00 288.00 44.00
2024 261 15 0 -999.00 -999.00 -999.00 -999.00 -999.00 3.50000 68.00 19.60 102.65 0.00 361.00 -999.00 364.00 -999.00 -999.00 -999.00 -999.00 178.00 352.00 43.00
2024 261 16 0 -999.00 -999.00 -999.00 -999.00 -999.00 3.40000 70.00 19.40 102.64 0.00 340.00 -999.00 332.00 -999.00 -999.00 -999.00 -999.00 91.00 596.00 38.00
2024 261 17 0 -999.00 -999.00 -999.00 -999.00 -999.00 3.30000 74.00 18.40 102.66 0.00 206.00 -999.00 329.00 -999.00 -999.00 -999.00 -999.00 81.00 434.00 29.00
2024 261 18 0 -999.00 -999.00 -999.00 -999.00 -999.00 3.40000 79.00 17.10 102.66 0.00 82.00 -999.00 322.00 -999.00 -999.00 -999.00 -999.00 48.00 241.00 26.00
2024 261 19 0 -999.00 -999.00 -999.00 -999.00 -999.00 3.70000 84.00 15.70 102.73 0.00 5.00 -999.00 319.00 -999.00 -999.00 -999.00 -999.00 4.00 20.00 29.00
2024 261 20 0 -999.00 -999.00 -999.00 -999.00 -999.00 3.60000 87.00 14.80 102.77 0.00 0.00 -999.00 321.00 -999.00 -999.00 -999.00 -999.00 0.00 0.00 38.00
2024 261 21 0 -999.00 -999.00 -999.00 -999.00 -999.00 3.40000 90.00 14.20 102.80 0.00 0.00 -999.00 318.00 -999.00 -999.00 -999.00 -999.00 0.00 0.00 48.00
2024 261 22 0 -999.00 -999.00 -999.00 -999.00 -999.00 3.20000 92.00 13.70 102.78 0.00 0.00 -999.00 320.00 -999.00 -999.00 -999.00 -999.00 0.00 0.00 52.00
2024 261 23 0 -999.00 -999.00 -999.00 -999.00 -999.00 2.70000 93.00 13.60 102.78 0.00 0.00 -999.00 320.00 -999.00 -999.00 -999.00 -999.00 0.00 0.00 50.00
2024 1 0 0 -999.00 -999.00 -999.00 -999.00 -999.00 2.80000 94.00 13.40 102.80 0.00 0.00 -999.00 320.00 -999.00 -999.00 -999.00 -999.00 0.00 0.00 51.00
